[0, 0.0]
[1, 0.0]
[2, 0.0]
[3, 0.0]
[4, 0.0]
[5, 0.0]
[6, 0.0]
[7, 0.0]
[8, 0.0]
[9, 0.0]
[10, 0.0]
[11, 0.0]
[12, 0.0]
[13, 0.0]
[14, 0.0]
[15, 0.0]
[16, 0.0]
[17, 0.0]
[18, 0.0]
[19, 0.0]
[20, 0.0]
[21, 0.0]
[22, 0.0]
[23, 0.0]
[24, 0]
[25, 0.0]
[26, 0.0]
[27, 0.0]
[28, 0.0]
[29, 0.0]
[30, 0.0]
[31, 0]
[32, 0]
[33, 0.0]
[34, 0.0]
[35, 0.0]
[36, 0.0]
[37, 0.0]
[38, 0.0]
[39, 0.0]
[40, 0.0]
[41, 0.0]
[42, 0.0]
[43, 0.0]
[44, 0.0]
[45, 0]
[46, 0.0]
[47, 0.0]
[48, 0.0]
[49, 0.0]
[50, 0.0]
[51, 0.0]
[52, 0.0]
[53, 0.0]
[54, 0]
[55, 0.0]
[56, 0.0]
[57, 0.0]
[58, 0.0]
[59, 0.0]
[60, 0.0]
[61, 0.0]
[62, 0.0]
[63, 0.0]
[64, 0.0]
[65, 0.0]
[66, 0]
[67, 0.0]
[68, 0.0]
[69, 0.0]
[70, 0.0]
[71, 0.0]
[72, 0.0]
[73, 0.0]
[74, 0.0]
[75, 0.0]
[76, 0.0]
[77, 0.0]
[78, 0.0]
[79, 0.0]
[80, 0.0]
[81, 0.0]
[82, 0.0]
[83, 0.0]
[84, 0.0]
[85, 0.0]
[86, 0.0]
[87, 0.0]
[88, 0.0]
[89, 0.0]
[90, 0.0]
[91, 0.0]
[92, 0.0]
[93, 0.0]
[94, 0.0]
[95, 0.0]
[96, 0.0]
[97, 0.0]
[98, 0.0]
[99, 0.0]
[100, 0.0]
[101, 0.0]
[102, 0.0]
[103, 0.0]
[104, 0.0]
[105, 0.0]
[106, 0.0]
[107, 0.0]
[108, 0.0]
[109, 0.0]
[110, 0.0]
[111, 0.0]
[112, 0.0]
[113, 0.0]
[114, 0.0]
[115, 0.0]
[116, 0.0]
[117, 0]
[118, 0.0]
[119, 0.0]
[120, 0.0]
[121, 0.0]
[122, 0.0]
[123, 0.0]
[124, 0.0]
[125, 0.0]
[126, 0.0]
[127, 0]
[128, 0.0]
[129, 0.0]
[130, 0.0]
[131, 0.0]
[132, 0]
[133, 0]
[134, 0.0]
[135, 0.0]
[136, 0.0]
[137, 0.0]
[138, 0.0]
[139, 0.0]
[140, 0.0]
[141, 0.0]
[142, 0.0]
[143, 0.0]
[144, 0.0]
[145, 0.0]
[146, 0.0]
[147, 0.0]
[148, 0.0]
[149, 0.0]
[150, 0.0]
[151, 0.0]
[152, 0.0]
[153, 0.0]
[154, 0.0]
[155, 0.0]
[156, 0]
[157, 0.0]
[158, 0.0]
[159, 0.0]
[160, 0.0]
[161, 0.0]
[162, 0.0]
[163, 0.0]
[164, 0.0]
[165, 0.0]
[166, 0.0]
[167, 0.0]
[168, 0.0]
[169, 0.0]
[170, 0.0]
[171, 0.0]
[172, 0.0]
[173, 0.0]
[174, 0.0]
[175, 0.0]
[176, 0.0]
[177, 0.0]
[178, 0.0]
[179, 0.0]
[180, 0.0]
[181, 0.0]
[182, 0.0]
[183, 0.0]
[184, 0.0]
[185, 0.0]
[186, 0.0]
[187, 0.0]
[188, 0.0]
[189, 0.0]
[190, 0.0]
[191, 0.0]
[192, 0.0]
[193, 0.0]
[194, 0.0]
[195, 0.0]
[196, 0.0]
[197, 0.0]
[198, 0.0]
[199, 0.0]
[200, 0.0]
[201, 0.0]
[202, 0.0]
[203, 0]
[204, 0.0]
[205, 0.0]
[206, 0.0]
[207, 0.0]
[208, 0.0]
[209, 0.0]
[210, 0.0]
[211, 0.0]
[212, 0.0]
[213, 0.0]
[214, 0.0]
[215, 0.0]
[216, 0.0]
[217, 0.0]
[218, 0.0]
[219, 0.0]
[220, 0.0]
[221, 0.0]
[222, 0.0]
[223, 0.0]
[224, 0.0]
[225, 0.0]
[226, 0.0]
[227, 0.0]
[228, 0.0]
[229, 0.0]
[230, 0.0]
[231, 0.0]
[232, 0.0]
[233, 0.0]
[234, 0.0]
[235, 0.0]
[236, 0.0]
[237, 0.0]
[238, 0.0]
[239, 0.0]
[240, 0.0]
[241, 0.0]
[242, 0.0]
[243, 0.0]
[244, 0.0]
[245, 0.0]
[246, 0.0]
[247, 0.0]
[248, 0.0]
[249, 0.0]
[250, 0.0]
[251, 0.0]
[252, 0.0]
[253, 0.0]
[254, 0.0]
[255, 0.0]
[256, 0.0]
[257, 0.0]
[258, 0.0]
[259, 0.0]
[260, 0.0]
[261, 0.0]
[262, 0.0]
[263, 0.0]
[264, 0.0]
[265, 0.0]
[266, 0.0]
[267, 0.0]
[268, 0.0]
[269, 0.0]
[270, 0.0]
[271, 0.0]
[272, 0.0]
[273, 0.0]
[274, 0.0]
[275, 0.0]
[276, 0.0]
[277, 0.0]
[278, 0.0]
[279, 0.0]
[280, 0.0]
[281, 0.0]
[282, 0.0]
[283, 0.0]
[284, 0.0]
[285, 0.0]
[286, 0.0]
[287, 0.0]
[288, 0.0]
[289, 0.0]
[290, 0.0]
[291, 0]
[292, 0.0]
[293, 0.0]
[294, 0.0]
[295, 0.0]
[296, 0.0]
[297, 0]
[298, 0.0]
[299, 0.0]
[300, 0.0]
[301, 0.0]
[302, 0.0]
[303, 0.0]
[304, 0.0]
[305, 0.0]
[306, 0.0]
[307, 0.0]
[308, 0.0]
[309, 0.0]
[310, 0.0]
[311, 0.0]
[312, 0.0]
[313, 0]
[314, 0.0]
[315, 0.0]
[316, 0.0]
[317, 0.0]
[318, 0.0]
[319, 0.0]
[320, 0.0]
[321, 0.0]
[322, 0]
[323, 0.0]
[324, 0.0]
[325, 0.0]
[326, 0.0]
[327, 0.0]
[328, 0.0]
[329, 0.0]
[330, 0.0]
[331, 0.0]
[332, 0.0]
[333, 0.0]
[334, 0.0]
[335, 0.0]
[336, 0.0]
[337, 0]
[338, 0.0]
[339, 0.0]
[340, 0.0]
[341, 0.0]
[342, 0.0]
[343, 0.0]
[344, 0.0]
[345, 0.0]
[346, 0.0]
[347, 0.0]
[348, 0.0]
[349, 0.0]
[350, 0.0]
[351, 0.0]
[352, 0.0]
[353, 0.0]
[354, 0.0]
[355, 0.0]
[356, 0.0]
[357, 0.0]
[358, 0.0]
[359, 0.0]
[360, 0.0]
[361, 0.0]
[362, 0.0]
[363, 0.0]
[364, 0.0]
[365, 0.0]
[366, 0.0]
[367, 0.0]
[368, 0.0]
[369, 0.0]
[370, 0.0]
[371, 0.0]
[372, 0.0]
[373, 0.0]
[374, 0.0]
[375, 0.0]
[376, 0.0]
[377, 0.0]
[378, 0.0]
[379, 0.0]
[380, 0.0]
[381, 0.0]
[382, 0.0]
[383, 0.0]
[384, 0.0]
[385, 0.0]
[386, 0.0]
[387, 0.0]
[388, 0.0]
[389, 0.0]
[390, 0.0]
[391, 0.0]
[392, 0.0]
[393, 0.0]
[394, 0.0]
[395, 0.0]
[396, 0.0]
[397, 0]
[398, 0.0]
[399, 0.0]
[400, 0.0]
[401, 0.0]
[402, 0.0]
[403, 0.0]
[404, 0.0]
[405, 0.0]
[406, 0.0]
[407, 0.0]
[408, 0.0]
[409, 0.0]
[410, 0.0]
[411, 0.0]
[412, 0.0]
[413, 0.0]
[414, 0.0]
[415, 0.0]
[416, 0.0]
[417, 0.0]
[418, 0.0]
[419, 0.0]
[420, 0.0]
[421, 0.0]
[422, 0.0]
[423, 0.0]
[424, 0.0]
[425, 0.0]
[426, 0.0]
[427, 0.0]
[428, 0.0]
[429, 0.0]
[430, 0.0]
[431, 0.0]
[432, 0.0]
[433, 0.0]
[434, 0.0]
[435, 0.0]
[436, 0.0]
[437, 0.0]
[438, 0.0]
[439, 0.0]
[440, 0.0]
[441, 0.0]
[442, 0.0]
[443, 0.0]
[444, 0.0]
[445, 0.0]
[446, 0.0]
[447, 0.0]
[448, 0.0]
[449, 0.0]
[450, 0.0]
[451, 0.0]
[452, 0.0]
[453, 0.0]
[454, 0.0]
[455, 0.0]
[456, 0.0]
[457, 0.0]
[458, 0.0]
[459, 0.0]
[460, 0]
[461, 0.0]
[462, 0.0]
[463, 0.0]
[464, 0.0]
[465, 0.0]
[466, 0.0]
[467, 0.0]
[468, 0.0]
[469, 0.0]
[470, 0.0]
[471, 0.0]
[472, 0.0]
[473, 0.0]
[474, 0.0]
[475, 0.0]
[476, 0.0]
[477, 0.0]
[478, 0.0]
[479, 0.0]
[480, 0.0]
[481, 0.0]
[482, 0.0]
[483, 0.0]
[484, 0.0]
[485, 0.0]
[486, 0.0]
[487, 0.0]
[488, 0.0]
[489, 0]
[490, 0.0]
[491, 0.0]
[492, 0.0]
[493, 0.0]
[494, 0.0]
[495, 0.0]
[496, 0.0]
[497, 0.0]
[498, 0.0]
[499, 0.0]
[500, 0.0]
[501, 0]
[502, 0.0]
[503, 0.0]
[504, 0.0]
[505, 0.0]
[506, 0.0]
[507, 0.0]
[508, 0.0]
[509, 0.0]
[510, 0.0]
[511, 0.0]
[512, 0.0]
[513, 0.0]
[514, 0.0]
[515, 0.0]
[516, 0.0]
[517, 0.0]
[518, 0.0]
[519, 0.0]
[520, 0.0]
[521, 0.0]
[522, 0.0]
[523, 0.0]
[524, 0.0]
[525, 0.0]
[526, 0.0]
[527, 0.0]
[528, 0.0]
[529, 0.0]
[530, 0.0]
[531, 0]
[532, 0.0]
[533, 0.0]
[534, 0.0]
[535, 0.0]
[536, 0.0]
[537, 0.0]
[538, 0.0]
[539, 0.0]
[540, 0.0]
[541, 0.0]
[542, 0.0]
[543, 0.0]
[544, 0.0]
[545, 0.0]
[546, 0.0]
[547, 0.0]
[548, 0.0]
[549, 0.0]
[550, 0.0]
[551, 0.0]
[552, 0.0]
[553, 0.0]
[554, 0.0]
[555, 0.0]
[556, 0.0]
[557, 0.0]
[558, 0.0]
[559, 0.0]
[560, 0.0]
[561, 0.0]
[562, 0.0]
[563, 0.0]
[564, 0.0]
[565, 0.0]
[566, 0.0]
[567, 0.0]
[568, 0.0]
[569, 0.0]
[570, 0.0]
[571, 0.0]
[572, 0.0]
[573, 0.0]
[574, 0.0]
[575, 0.0]
[576, 0.0]
[577, 0.0]
[578, 0.0]
[579, 0.0]
[580, 0.0]
[581, 0.0]
[582, 0.0]
[583, 0.0]
[584, 0.0]
[585, 0.0]
[586, 0.0]
[587, 0.0]
[588, 0.0]
[589, 0.0]
[590, 0.0]
[591, 0.0]
[592, 0.0]
[593, 0.0]
[594, 0.0]
[595, 0.0]
[596, 0.0]
[597, 0.0]
[598, 0.0]
[599, 0.0]
[600, 0.0]
[601, 0.0]
[602, 0.0]
[603, 0.0]
[604, 0.0]
[605, 0.0]
[606, 0.0]
[607, 0.0]
[608, 0.0]
[609, 0.0]
[610, 0.0]
[611, 0.0]
[612, 0.0]
[613, 0.0]
[614, 0.0]
[615, 0.0]
[616, 0.0]
[617, 0.0]
[618, 0.0]
[619, 0.0]
[620, 0.0]
[621, 0.0]
[622, 0.0]
[623, 0.0]
[624, 0.0]
[625, 0.0]
[626, 0.0]
[627, 0.0]
[628, 0.0]
[629, 0.0]
[630, 0.0]
[631, 0.0]
[632, 0.0]
[633, 0.0]
[634, 0.0]
[635, 0.0]
[636, 0.0]
[637, 0.0]
[638, 0.0]
[639, 0.0]
[640, 0.0]
[641, 0.0]
[642, 0.0]
[643, 0.0]
[644, 0.0]
[645, 0.0]
[646, 0.0]
[647, 0.0]
[648, 0.0]
[649, 0.0]
[650, 0.0]
[651, 0.0]
[652, 0.0]
[653, 0.0]
[654, 0.0]
[655, 0.0]
[656, 0.0]
[657, 0.0]
[658, 0.0]
[659, 0]
[660, 0.0]
[661, 0.0]
[662, 0.0]
[663, 0.0]
[664, 0.0]
[665, 0.0]
[666, 0.0]
[667, 0.0]
[668, 0.0]
[669, 0.0]
[670, 0.0]
[671, 0.0]
[672, 0.0]
[673, 0.0]
[674, 0.0]
[675, 0.0]
[676, 0.0]
[677, 0.0]
[678, 0.0]
[679, 0.0]
[680, 0.0]
[681, 0.0]
[682, 0.0]
[683, 0.0]
[684, 0.0]
[685, 0]
[686, 0.0]
[687, 0.0]
[688, 0.0]
[689, 0.0]
[690, 0.0]
[691, 0.0]
[692, 0.0]
[693, 0.0]
[694, 0.0]
[695, 0.0]
[696, 0]
[697, 0.0]
[698, 0.0]
[699, 0.0]
[700, 0.0]
[701, 0.0]
[702, 0.0]
[703, 0.0]
[704, 0.0]
[705, 0.0]
[706, 0.0]
[707, 0.0]
[708, 0.0]
[709, 0.0]
[710, 0.0]
[711, 0.0]
[712, 0.0]
[713, 0.0]
[714, 0.0]
[715, 0.0]
[716, 0.0]
[717, 0.0]
[718, 0.0]
[719, 0.0]
[720, 0.0]
[721, 0.0]
[722, 0.0]
[723, 0.0]
[724, 0.0]
[725, 0.0]
[726, 0.0]
[727, 0.0]
[728, 0.0]
[729, 0.0]
[730, 0.0]
[731, 0.0]
[732, 0]
[733, 0.0]
[734, 0.0]
[735, 0.0]
[736, 0.0]
[737, 0.0]
[738, 0.0]
[739, 0.0]
[740, 0.0]
[741, 0.0]
[742, 0.0]
[743, 0.0]
[744, 0.0]
[745, 0]
[746, 0.0]
[747, 0.0]
[748, 0.0]
[749, 0.0]
[750, 0]
[751, 0.0]
[752, 0.0]
[753, 0.0]
[754, 0.0]
[755, 0.0]
[756, 0.0]
[757, 0.0]
[758, 0.0]
[759, 0.0]
[760, 0.0]
[761, 0.0]
[762, 0.0]
[763, 0.0]
[764, 0.0]
[765, 0.0]
[766, 0.0]
[767, 0.0]
[768, 0.0]
[769, 0.0]
[770, 0.0]
[771, 0]
[772, 0.0]
[773, 0]
[774, 0]
[775, 0.0]
[776, 0.0]
[777, 0.0]
[778, 0.0]
[779, 0.0]
[780, 0.0]
[781, 0.0]
[782, 0.0]
[783, 0.0]
[784, 0.0]
[785, 0.0]
[786, 0]
[787, 0.0]
[788, 0.0]
[789, 0.0]
[790, 0.0]
[791, 0.0]
[792, 0.0]
[793, 0.0]
[794, 0.0]
[795, 0.0]
[796, 0.0]
[797, 0.0]
[798, 0]
[799, 0.0]
[800, 0.0]
[801, 0.0]
[802, 0.0]
[803, 0.0]
[804, 0.0]
[805, 0.0]
[806, 0.0]
[807, 0]
[808, 0.0]
[809, 0.0]
[810, 0.0]
[811, 0.0]
[812, 0.0]
[813, 0.0]
[814, 0.0]
[815, 0.0]
[816, 0.0]
[817, 0.0]
[818, 0]
[819, 0]
[820, 0]
[821, 0]
[822, 0]
[823, 0]
[824, 0]
[825, 0]
[826, 0]
[827, 0]
[828, 0.0]
[829, 0]
[830, 0]
[831, 0]
[832, 0]
[833, 0]
[834, 0]
[835, 0]
[836, 0]
[837, 0]
[838, 0]
[839, 0]
[840, 0]
[841, 0]
[842, 0]
[843, 0]
[844, 0]
[845, 0]
[846, 0]
[847, 0]
[848, 0]
[849, 0]
[850, 0]
[851, 0]
[852, 0]
[853, 0.0]
[854, 0]
[855, 0]
[856, 0]
[857, 0.0]
[858, 0.23137821315975918]
[859, 0.0]
[860, 0.0]
[861, 0.0]
[862, 0.0]
[863, 0.23137821315975918]
[864, 0.23137821315975918]
[865, 0.23137821315975918]
[866, 0.23137821315975918]
[867, 0.23137821315975918]
[868, 0.23137821315975918]
[869, 0.23137821315975918]
[870, 0.23137821315975918]
[871, 0.0]
[872, 0.23137821315975918]
[873, 0.23137821315975918]
[874, 0.36672579134208466]
[875, 0.21247364923557854]
[876, 0.21247364923557854]
[877, 0.21247364923557854]
[878, 0.3521410031526743]
[879, 0.44469228841657804]
[880, 0.0]
[881, 0.18771208281295487]
[882, 0.5834527046681551]
[883, 0.19779797719489023]
[884, 0.5416640472232407]
[885, 0.6359986486487194]
[886, 0.5598535398440518]
[887, 0.31902046105700177]
[888, 0.4001857320485334]
[889, 0.48241489792196424]
[890, 0.2963196289720465]
[891, 0.41281555099493633]
[892, 0.28959972028883163]
[893, 0.14258857503520428]
[894, 0.6410421411505162]
[895, 0.5046746759478962]
[896, 0.5171899880412882]
[897, 0.5147704769467081]
[898, 0.7492724122594683]
[899, 0.575192320757415]
[900, 0.37281790901775275]
[901, 0.6429872924188128]
[902, 0.6365335839671935]
[903, 0.6658020220115997]
[904, 0.5917843310989718]
[905, 0.593454086475182]
[906, 0.6565040324707996]
[907, 0.5881048287230706]
[908, 0.6065928746678307]
[909, 0.552946860621858]
[910, 0.5377888845980839]
[911, 0.5599749373124749]
[912, 0.6344291870010058]
[913, 0.5610053437925291]
[914, 0.6448744565335746]
[915, 0.65514651579956]
[916, 0.461541841119463]
[917, 0.3087359312683644]
[918, 0.5212958790941464]
[919, 0.5068308160703049]
[920, 0.5399484385597283]
[921, 0.6677891367316919]
[922, 0.7881573970977845]
[923, 0.6690519600850087]
[924, 0.5820096636200272]
[925, 0.7713619971448632]
[926, 0.21247364923557854]
[927, 0.516599703152065]
[928, 0.35082890148896106]
[929, 0.3742418842898564]
[930, 0.591656775969947]
[931, 0.6008717751752314]
[932, 0.5660011119867141]
[933, 0.725331464265163]
[934, 0.6755710589151372]
[935, 0.7397519408144111]
[936, 0.7522992266933445]
[937, 0.23137821315975918]
[938, 0.46275642631951835]
[939, 0.6348451385075018]
[940, 0.6545915198214882]
[941, 0.7278065822368054]
[942, 0.374136584935323]
[943, 0.7315749882972027]
[944, 0.6699277302214185]
[945, 0.6093985169996022]
[946, 0.5692254855147914]
[947, 0.0]
[948, 0.4438518623953377]
[949, 0.4438518623953377]
[950, 0.7395036763458825]
[951, 0.5349639553810456]
[952, 0.5345283152848042]
[953, 0.6586798386898838]
[954, 0.7105843652293107]
[955, 0.6019784438406693]
[956, 0.49716984117146756]
[957, 0.0]
[958, 0.0]
[959, 0.3937117663295495]
[960, 0.22113579547249199]
[961, 0.7620630587147477]
[962, 0.7316481603597065]
[963, 0.7406150918357955]
[964, 0.7498041943788626]
[965, 0.7612453894335964]
[966, 0.7441814143582342]
[967, 0.43755034108727753]
[968, 0.0]
[969, 0.0]
[970, 0.44469228841657804]
[971, 0.4147411088308015]
[972, 0.5209779334485908]
[973, 0.5209779334485908]
[974, 0.21247364923557854]
[975, 0.0]
[976, 0.23137821315975918]
[977, 0.0]
[978, 0.23137821315975918]
[979, 0.0]
[980, 0.0]
[981, 0.5909862743384229]
[982, 0.5435562494452434]
[983, 0.46275642631951835]
[984, 0.46275642631951835]
[985, 0.45123658286257845]
[986, 0.7763683656026417]
[987, 0.7544196900093938]
[988, 0.7198767481140562]
[989, 0.5478119651138331]
[990, 0.7648772611387837]
[991, 0.6912569307172045]
[992, 0.7626164200105114]
[993, 0.6597779794224247]
[994, 0.6648317818520493]
[995, 0.7419137195624609]
[996, 0.8524033950419349]
[997, 0.586284532820928]
[998, 0.7476221545190953]
[999, 0.7527085809988997]
[1000, 0.6055268720472308]
[1001, 0.23137821315975918]
[1002, 0.0]
[1003, 0.0]
[1004, 0]
[1005, 0.0]
[1006, 0.0]
[1007, 0.6693982144207754]
[1008, 0.6955254238123831]
[1009, 0.7065614682427571]
[1010, 0.6937599053306474]
[1011, 0.7265068058117403]
[1012, 0.7137138689628665]
[1013, 0.6921177586973483]
[1014, 0.7224803925067154]
[1015, 0.6490191985101579]
[1016, 0.5660613090611586]
[1017, 0.4760204248364432]
[1018, 0.5694387911896376]
[1019, 0.5217123297629241]
[1020, 0.5180844387949937]
[1021, 0.625040986319266]
[1022, 0.7531473440308276]
[1023, 0.5777496230031761]
[1024, 0.5177011554649897]
[1025, 0.7268852273504828]
[1026, 0.07790019828019115]
[1027, 0.510589410306244]
[1028, 0.5685421213519884]
[1029, 0.39474255892608]
[1030, 0.6208141858079387]
[1031, 0.497383448670482]
[1032, 0.6853434834560928]
[1033, 0.803888157997249]
[1034, 0.6558574815055854]
[1035, 0.3470673197396388]
[1036, 0.7120097834368233]
[1037, 0.7158789512285766]
[1038, 0.8043389220477198]
[1039, 0.6991592217642393]
[1040, 0.6750984345894779]
[1041, 0.8250449257566477]
[1042, 0.6516367828314038]
[1043, 0.7221672159540321]
[1044, 0.678508863894013]
[1045, 0.6635650008517654]
[1046, 0.3252342545662366]
[1047, 0.35835740592897647]
[1048, 0.23137821315975918]
[1049, 0.23137821315975918]
[1050, 0.0]
[1051, 0.0]
[1052, 0.0]
[1053, 0.0]
[1054, 0.13690019028364875]
[1055, 0.23137821315975918]
[1056, 0.23137821315975918]
[1057, 0.35835740592897647]
[1058, 0.35835740592897647]
[1059, 0.2715905759940668]
[1060, 0.0]
[1061, 0.5583360906166689]
[1062, 0.5583360906166689]
[1063, 0.3851285219597901]
[1064, 0.0]
[1065, 0.5852570118915043]
[1066, 0.4040941358025042]
[1067, 0.41230141372658463]
[1068, 0.0]
[1069, 0.0]
[1070, 0.23137821315975918]
[1071, 0.5675290003126968]
[1072, 0.6542958302476065]
[1073, 0.4279575486002586]
[1074, 0.6782178889967664]
[1075, 0.6466531788002001]
[1076, 0.5052732909895472]
[1077, 0.3976889143899675]
[1078, 0.7013342438625223]
[1079, 0.41364141029748835]
[1080, 0.5632637444136464]
[1081, 0.2744871473609633]
[1082, 0.5694825470160079]
[1083, 0.6064311977163308]
[1084, 0.3173677886518854]
[1085, 0.8255143191649418]
[1086, 0.7495481386130413]
[1087, 0.3031142483081156]
[1088, 0.6901297383555939]
[1089, 0.567823819716308]
[1090, 0.4055653667060461]
[1091, 0.36672579134208466]
[1092, 0.21247364923557854]
[1093, 0.0]
[1094, 0.15469124624967193]
[1095, 0.6794065446669495]
[1096, 0.6382850775787627]
[1097, 0.5228827663016506]
[1098, 0.6527215218405594]
[1099, 0.6896494318321313]
[1100, 0.40626272712745437]
[1101, 0.5052171639507467]
[1102, 0.6501516871433077]
[1103, 0.6524087056046679]
[1104, 0.6529586245034056]
[1105, 0.7740132353893604]
[1106, 0.6134529778740025]
[1107, 0.7275942725662049]
[1108, 0.6453617707025275]
[1109, 0.6796996633589476]
[1110, 0.6509748155919967]
[1111, 0.6195501525080028]
[1112, 0.5609357064129531]
[1113, 0.7931669110324975]
[1114, 0.37426408778604325]
[1115, 0.5264894564612534]
[1116, 0.671404334818325]
[1117, 0.32215191743375055]
[1118, 0.7233372175175159]
[1119, 0.6905938592688837]
[1120, 0.5060956836933074]
[1121, 0.5014476737910821]
[1122, 0.4855690809376988]
[1123, 0.6162834494990994]
[1124, 0.4438518623953377]
[1125, 0.5023106694030383]
[1126, 0.5286967890235896]
[1127, 0.4249472984711571]
[1128, 0.37660450566273806]
[1129, 0.5314122013124261]
[1130, 0.5986548906227456]
[1131, 0.49153504262642905]
[1132, 0.41231240406700814]
[1133, 0.439776114427333]
[1134, 0.5236113757598533]
[1135, 0.5747695332528033]
[1136, 0.3805720954884617]
[1137, 0.5309341750455892]
[1138, 0.2334982760219323]
[1139, 0.49203331040573745]
[1140, 0.0]
[1141, 0.31720809887523094]
[1142, 0.40323495281714994]
[1143, 0.6371968014549113]
[1144, 0.3849218638240341]
[1145, 0.6174159664920404]
[1146, 0.7423621573224022]
[1147, 0.7570344292038709]
[1148, 0.7965649483508838]
[1149, 0.7157209762531052]
[1150, 0.7690175721806499]
[1151, 0.6258199208545587]
[1152, 0.5248819460412519]
[1153, 0.6389176190676109]
[1154, 0.6427208175317226]
[1155, 0.7998396697612312]
[1156, 0.7111473396710629]
[1157, 0.5473271917464932]
[1158, 0.5910483269796525]
[1159, 0.8291075294022743]
[1160, 0.7702792388180808]
[1161, 0.8343942004544861]
[1162, 0.7841155292686878]
[1163, 0.7938560414064775]
[1164, 0.6930897209657323]
[1165, 0.600404856645716]
[1166, 0.40554012942813294]
[1167, 0.5597922715346391]
[1168, 0.4147411088308015]
[1169, 0.6679191053918315]
[1170, 0.7402977976669347]
[1171, 0.34049670172685986]
[1172, 0.4114664368977102]
[1173, 0.5752536929484366]
[1174, 0.6280582662965816]
[1175, 0.705840582750732]
[1176, 0.6615138495966619]
[1177, 0.7811796286944811]
[1178, 0.745892083643204]
[1179, 0.8214741924051325]
[1180, 0.8128127952794374]
[1181, 0.8024922143367949]
[1182, 0.6924929307228798]
[1183, 0.5796149973846686]
[1184, 0.7105446569216043]
[1185, 0.6863726615956444]
[1186, 0.7013103105972701]
[1187, 0.6482560255062785]
[1188, 0.7917625471625807]
[1189, 0.7511091114377966]
[1190, 0.6454795357801655]
[1191, 0.8154785190395768]
[1192, 0.7850990933144365]
[1193, 0.7207027500792988]
[1194, 0.8013083701408455]
[1195, 0.8190205028849843]
[1196, 0.7369770637039409]
[1197, 0.7394735005774691]
[1198, 0.7607249327381089]
[1199, 0.6421898980278535]
[1200, 0.5310257601638605]
[1201, 0.5670676931014424]
[1202, 0.6162834494990994]
[1203, 0.1752584579445807]
[1204, 0.6694052045373668]
[1205, 0.8061914462851621]
[1206, 0.287034642523066]
[1207, 0.13690019028364875]
[1208, 0.7518543133018746]
[1209, 0.6190961316379924]
[1210, 0.7929176415315267]
[1211, 0.7687095573619032]
[1212, 0.8105487072633403]
[1213, 0.5100032438852536]
[1214, 0.758140904307101]
[1215, 0.7367160734197273]
[1216, 0.6574781652148126]
[1217, 0.6940395699282179]
[1218, 0.7467970942111597]
[1219, 0.8061805000690576]
[1220, 0.4166762648327695]
[1221, 0.6335838242205519]
[1222, 0.497187201823704]
[1223, 0.6594434183548448]
[1224, 0.55707533612722]
[1225, 0.5273127569599081]
[1226, 0.6064035304033721]
[1227, 0.6136381389970637]
[1228, 0.5648866417421807]
[1229, 0.0]
[1230, 0.46275642631951835]
[1231, 0.3470673197396388]
[1232, 0.18771208281295487]
[1233, 0.5375763326114242]
[1234, 0.5871507924035775]
[1235, 0.5531859048450045]
[1236, 0.5888543603064421]
[1237, 0.42910353366429743]
[1238, 0.4377417182328466]
[1239, 0.5767571627935003]
[1240, 0.5284171684694964]
[1241, 0.5549209021972087]
[1242, 0.5863120681683766]
[1243, 0.48757424714268427]
[1244, 0.6442929177457772]
[1245, 0.6334144755538305]
[1246, 0.6890338948749356]
[1247, 0.3728967041821661]
[1248, 0.6640462121445212]
[1249, 0.6573186892746504]
[1250, 0.6356224100140367]
[1251, 0.3851285219597901]
[1252, 0.0]
[1253, 0.0]
[1254, 0.0]
[1255, 0.0]
[1256, 0.21247364923557854]
[1257, 0.6157497759895392]
[1258, 0.7373772995308275]
[1259, 0.713705087035088]
[1260, 0.641281674603416]
[1261, 0.7004300982562239]
[1262, 0.616856487423079]
[1263, 0.6897143059786783]
[1264, 0.6912342193499526]
[1265, 0.7018788381249976]
[1266, 0.6931605713005166]
[1267, 0.5865009097403409]
[1268, 0.5846929288735573]
[1269, 0.5209779334485908]
[1270, 0.32943512928400664]
[1271, 0.498767914436056]
[1272, 0.5334009730657059]
[1273, 0.46392755550065223]
[1274, 0.6122699936160249]
[1275, 0.6172593181959859]
[1276, 0.6821047933867663]
[1277, 0.6327952354418169]
[1278, 0.6945237317475301]
[1279, 0.7056464115121892]
[1280, 0.7041518599777308]
[1281, 0.6224410726192063]
[1282, 0.5525401780791412]
[1283, 0.5607418148114343]
[1284, 0.4264126628387447]
[1285, 0.737888697336712]
[1286, 0.6596508367215403]
[1287, 0.4464933025941715]
[1288, 0.5648614876748835]
[1289, 0.5767397338448091]
[1290, 0.6912971005163169]
[1291, 0.7225282348745955]
[1292, 0.7758185769559247]
[1293, 0.7990628775244427]
[1294, 0.7521347260853662]
[1295, 0.7765110282989167]
[1296, 0.6803292030194539]
[1297, 0.4190902959727141]
[1298, 0.04062192197625591]
[1299, 0.12100581381714132]
[1300, 0.1617403037313727]
[1301, 0.0882894115616025]
[1302, 0.7147797826782679]
[1303, 0.7356029431678366]
[1304, 0.4597264333446108]
[1305, 0.49052571898078023]
[1306, 0.6148161248079321]
[1307, 0.5215660125309933]
[1308, 0.0]
[1309, 0.0]
[1310, 0.0]
[1311, 0.0]
[1312, 0.0]
[1313, 0.0]
[1314, 0.0]
[1315, 0.0]
[1316, 0.0]
[1317, 0.8322116735266193]
[1318, 0.8585580701546235]
[1319, 0.5874875031312764]
[1320, 0.5185013034108554]
[1321, 0.7588833658311378]
[1322, 0.5173446437653668]
[1323, 0.18771208281295487]
[1324, 0.18771208281295487]
[1325, 0.22465681361132722]
[1326, 0.3521410031526744]
[1327, 0.17179544713398898]
[1328, 0.3337649459964485]
[1329, 0.5209779334485908]
[1330, 0.40975938413913454]
[1331, 0.6708888936357981]
[1332, 0.0]
[1333, 0.0]
[1334, 0.8201204713854491]
[1335, 0.7340810487957966]
[1336, 0.7788534084915335]
[1337, 0.6972092827293195]
[1338, 0.5963452300711962]
[1339, 0.7025363828587009]
[1340, 0.702466482208012]
[1341, 0.6500239903228561]
[1342, 0.8351865191576333]
[1343, 0.6904642957245424]
[1344, 0.0]
[1345, 0.0]
[1346, 0.4775744978004985]
[1347, 0.6697208569924147]
[1348, 0.5834527046681551]
[1349, 0.0]
[1350, 0.0]
[1351, 0.0]
[1352, 0.0]
[1353, 0.0]
[1354, 0.07590752922691632]
[1355, 0.27097032394922116]
[1356, 0.2673358580262929]
[1357, 0.2663638990834155]
[1358, 0.678926639279265]
[1359, 0.5558786442825777]
[1360, 0.4061092844349559]
[1361, 0.4167918598759361]
[1362, 0.7913322597881174]
[1363, 0.6643194420048306]
[1364, 0.7009399810589607]
[1365, 0.375232182634065]
[1366, 0.7899336629482708]
[1367, 0.7641123759355253]
[1368, 0.5322773711120412]
[1369, 0.3470673197396388]
[1370, 0.34179583024760657]
[1371, 0.2637868418080587]
[1372, 0.7320848142765941]
[1373, 0.5333953127405625]
[1374, 0.679410018007972]
[1375, 0.7276972689067498]
[1376, 0.4301405063959557]
[1377, 0.6822961003214437]
[1378, 0.6660322615786439]
[1379, 0.478805219193941]
[1380, 0.7730204112676666]
[1381, 0.6333885587395521]
[1382, 0.7348249440635027]
[1383, 0.23137821315975918]
[1384, 0.793047287701646]
[1385, 0.652871312711936]
[1386, 0.23137821315975918]
[1387, 0.7601138172440549]
[1388, 0.31720809887523094]
[1389, 0.18771208281295487]
[1390, 0.0]
[1391, 0.11568910657987959]
[1392, 0.18771208281295487]
[1393, 0.18771208281295487]
[1394, 0.6814177915232064]
[1395, 0.18771208281295487]
[1396, 0.7089101875435019]
[1397, 0.6524185922908983]
[1398, 0.506839469929076]
[1399, 0.5247921606016372]
[1400, 0.7243799339537526]
[1401, 0.5566124677259958]
[1402, 0.3899822625973746]
[1403, 0.42966247366379606]
[1404, 0.6221116632462023]
[1405, 0.7950314279968469]
[1406, 0.7540000486275468]
[1407, 0.7784050559478481]
[1408, 0.7544555685235141]
[1409, 0.7151977712067956]
[1410, 0.626700716506544]
[1411, 0.7443998889793848]
[1412, 0.5151817922577557]
[1413, 0.6308395974566754]
[1414, 0.7328266887949751]
[1415, 0.39779906325327474]
[1416, 0.6033382867717606]
[1417, 0.6813831492538536]
[1418, 0.7000815144336919]
[1419, 0.5507514665148444]
[1420, 0.0]
[1421, 0.5334780208271502]
[1422, 0.7780282440140388]
[1423, 0.5237287163324941]
[1424, 0.6382597524264331]
[1425, 0.7507529908787909]
[1426, 0.6211197236202588]
[1427, 0.7098570765679064]
[1428, 0.683006741459641]
[1429, 0.2148974294721927]
[1430, 0.31720809887523094]
[1431, 0.20975938413913459]
[1432, 0.7444731204262188]
[1433, 0.7711975267795642]
[1434, 0.7630168840145383]
[1435, 0.7793114612767426]
[1436, 0.3521410031526743]
[1437, 0.23137821315975918]
[1438, 0.11568910657987959]
[1439, 0.1822156329801103]
[1440, 0.2474325613606302]
[1441, 0.26065417354118786]
[1442, 0.2979091863150747]
[1443, 0.12907536480681173]
[1444, 0.1400825346181152]
[1445, 0.3368674421025848]
[1446, 0.3702613769941923]
[1447, 0.7057500930811669]
[1448, 0.6398706211668465]
[1449, 0.8424326626210579]
[1450, 0.8939679510766863]
[1451, 0.738295805071011]
[1452, 0.7965068826367239]
[1453, 0.7779945473577629]
[1454, 0.628974109948438]
[1455, 0.5753140271173804]
[1456, 0.748867658962232]
[1457, 0.7735482253627004]
[1458, 0.6942949769286777]
[1459, 0.0]
[1460, 0.0]
[1461, 0.0]
[1462, 0.0]
[1463, 0.0]
[1464, 0.0]
[1465, 0.5770060271697598]
[1466, 0.6637479875597565]
[1467, 0.6122613456965176]
[1468, 0.4334102867225401]
[1469, 0.568628198604726]
[1470, 0.23137821315975918]
[1471, 0.0]
[1472, 0.23137821315975918]
[1473, 0.23137821315975918]
[1474, 0.23137821315975918]
[1475, 0.23137821315975918]
[1476, 0.6179771076970869]
[1477, 0.36533989132340544]
[1478, 0.4875882236916728]
[1479, 0.536077386585611]
[1480, 0.5586291696254101]
[1481, 0.5573215062490495]
[1482, 0.4571315109927324]
[1483, 0.6701322375457271]
[1484, 0.3851285219597901]
[1485, 0.0]
[1486, 0.1997072948963825]
[1487, 0.13690019028364875]
[1488, 0.0]
[1489, 0.7992974438587295]
[1490, 0.2299969341583557]
[1491, 0.7566723740252942]
[1492, 0.5607605034597403]
[1493, 0.05441862443233708]
[1494, 0.8120361819235665]
[1495, 0.3737683380488635]
[1496, 0.739814295103076]
[1497, 0.3372435736804817]
[1498, 0.21247364923557854]
[1499, 0.4297948589443854]
[1500, 0.571308007170785]
[1501, 0.0]
[1502, 0.6979165478857831]
[1503, 0.1120878960994467]
[1504, 0.7888433873200851]
[1505, 0.6926281388124259]
[1506, 0.28278493709544744]
[1507, 0.7289523806619939]
[1508, 0.7996214367650624]
[1509, 0.6085586111348495]
[1510, 0.3935582019622233]
[1511, 0.23137821315975918]
[1512, 0.0]
[1513, 0.49721224501144223]
[1514, 0.0]
[1515, 0.6649875720080679]
[1516, 0.8118781455813374]
[1517, 0.8124344245156306]
[1518, 0.733225447064913]
[1519, 0.6818265316144814]
[1520, 0.4154214601746365]
[1521, 0.0]
[1522, 0.38307880785617643]
[1523, 0.6461193219905608]
[1524, 0.44482576265408086]
[1525, 0.736750739454904]
[1526, 0.23137821315975918]
[1527, 0.23137821315975918]
[1528, 0.23137821315975918]
[1529, 0.23137821315975918]
[1530, 0.23137821315975918]
[1531, 0.770724322928445]
[1532, 0.36672579134208466]
[1533, 0.8026211131676385]
[1534, 0.8200211108404344]
[1535, 0.48616992892054206]
[1536, 0.6963731764790332]
[1537, 0.7758017864963149]
[1538, 0.6478023775627023]
[1539, 0.7060871482655489]
[1540, 0.18771208281295487]
[1541, 0.0]
[1542, 0.18771208281295487]
[1543, 0.18771208281295487]
[1544, 0.18771208281295487]
[1545, 0.18771208281295487]
[1546, 0.18771208281295487]
[1547, 0.18771208281295487]
[1548, 0.23084252483626733]
[1549, 0.2979091863150747]
[1550, 0.41671492490275364]
[1551, 0.3547825716668406]
[1552, 0.4230081897346079]
[1553, 0.7563998194508232]
[1554, 0.6716973426132848]
[1555, 0.6107650938368568]
[1556, 0.16703843262486698]
[1557, 0.5521006768594837]
[1558, 0.576733583037817]
[1559, 0.6767719677817884]
[1560, 0.4186622764588593]
[1561, 0.5389197184548389]
[1562, 0.5206009796094582]
[1563, 0.5335096903172801]
[1564, 0.6636628584742919]
[1565, 0.4749730657806078]
[1566, 0.8422976133548715]
[1567, 0.7519270256712987]
[1568, 0.47956906029596724]
[1569, 0.56582360824865]
[1570, 0.8190125095124544]
[1571, 0.7801758649466651]
[1572, 0.8242557480898572]
[1573, 0.6942097161489336]
[1574, 0.8096889904204448]
[1575, 0.7033074035030799]
[1576, 0.0]
[1577, 0.7137708581698948]
[1578, 0.6767501537745693]
[1579, 0.6195363321984289]
[1580, 0.8329284813501776]
[1581, 0.43498293063945725]
[1582, 0.6924502691822063]
[1583, 0.7732020473310091]
[1584, 0.7371590746146081]
[1585, 0.7740784654953997]
[1586, 0.521687947360943]
[1587, 0.36964168961297156]
[1588, 0.7450318591040925]
[1589, 0.47960863340515086]
[1590, 0.8030955565681113]
[1591, 0.7339557293668828]
[1592, 0.7219542077444653]
[1593, 0.7835766186111724]
[1594, 0.6227063236807241]
[1595, 0.4616034098204044]
[1596, 0.5762491569624818]
[1597, 0.5256409111218694]
[1598, 0.39871548866673545]
[1599, 0.5876064460627886]
[1600, 0.7927242857188203]
[1601, 0.5647558261280952]
[1602, 0.7969320779593478]
[1603, 0.7012904910611428]
[1604, 0.6528754987091973]
[1605, 0.7555187569784108]
[1606, 0.6702446705069174]
[1607, 0.4832312931971101]
[1608, 0.39141405019837017]
[1609, 0.526190619513213]
[1610, 0.7906258143202249]
[1611, 0.6680664711547004]
[1612, 0.565530319353188]
[1613, 0.3345976653377795]
[1614, 0.5550101785645029]
[1615, 0.49144468226220284]
[1616, 0.561514674657196]
[1617, 0.4295279828856401]
[1618, 0.0]
[1619, 0.0]
[1620, 0.8007968177053032]
[1621, 0.7143015803862421]
[1622, 0.8021864477248043]
[1623, 0.4782660538945072]
[1624, 0.6694907975123153]
[1625, 0.4496858885260683]
[1626, 0.7540335768480719]
[1627, 0.5469780018418269]
[1628, 0.7540727175906647]
[1629, 0.7171668864862466]
[1630, 0.7194167627125619]
[1631, 0.5900210416247041]
[1632, 0.0]
[1633, 0.07467892843455784]
[1634, 0.39719362294027044]
[1635, 0.6106889828383385]
[1636, 0.6768012461673543]
[1637, 0.8323114097429338]
[1638, 0.8482333766425513]
[1639, 0.753975387281904]
[1640, 0.2464528354477184]
[1641, 0.04756962718289767]
[1642, 0.8272877823537312]
[1643, 0.8688334597308615]
[1644, 0.7078441436208757]
[1645, 0.7534557209551499]
[1646, 0.5024572142508956]
[1647, 0.6605845261171172]
[1648, 0.5902061001399515]
[1649, 0.7106030729700326]
[1650, 0.0]
[1651, 0.6709627511693522]
[1652, 0.788786447656517]
[1653, 0.44491444523937695]
[1654, 0.47309372595804555]
[1655, 0.813070995321292]
[1656, 0.8012361373233776]
[1657, 0.7698119915486306]
[1658, 0.497140873260298]
[1659, 0.669408763181028]
[1660, 0.722346144208289]
[1661, 0.5372435736804816]
[1662, 0.4603813949964575]
[1663, 0.4055401294281329]
[1664, 0.42628450837869025]
[1665, 0.21247364923557854]
[1666, 0.0]
[1667, 0.0]
[1668, 0.0]
[1669, 0.0]
[1670, 0.0]
[1671, 0.15827159097075838]
[1672, 0.3462900652968553]
[1673, 0.6282363325373527]
[1674, 0.723881821739206]
[1675, 0.7905409941141261]
[1676, 0.7678489293559653]
[1677, 0.8163661393042569]
[1678, 0.67141137996067]
[1679, 0.7606093088953718]
[1680, 0.8124862015803681]
[1681, 0.8382766935721395]
[1682, 0.8344632739562046]
[1683, 0.8340248225145881]
[1684, 0.6914445778902713]
[1685, 0.7916621767126959]
[1686, 0.6750837051502317]
[1687, 0.423408933350688]
[1688, 0.49370956397788984]
[1689, 0.6305336422632206]
[1690, 0.5816565629615019]
[1691, 0.5721744665107545]
[1692, 0.034270078764851886]
[1693, 0.5586256432355793]
[1694, 0.21159875989832705]
[1695, 0.6736709156136548]
[1696, 0.7184282867863143]
[1697, 0.6753461334188053]
[1698, 0.5659128347626079]
[1699, 0.46952701288063275]
[1700, 0.25474189947758435]
[1701, 0.7300479853993954]
[1702, 0.5830250778221877]
[1703, 0.1742131650824605]
[1704, 0.49033133667799855]
[1705, 0.3926685542391308]
[1706, 0.026718347839670427]
[1707, 0.3438308557192362]
[1708, 0.251700351438345]
[1709, 0.09459611428760768]
[1710, 0.23100889991309062]
[1711, 0.06842208095946019]
[1712, 0.0]
[1713, 0.004357517326012398]
[1714, 0.054124754575249776]
[1715, 0.24972028885792436]
[1716, 0.01778197889497644]
[1717, 0.0]
[1718, 0.34062930746849474]
[1719, 0.29608621431004234]
[1720, 0.4478489474819816]
[1721, 0.3766502619441164]
[1722, 0.7198818437400634]
[1723, 0.1904018162580036]
[1724, 0.25232630427834296]
[1725, 0.5053305714563195]
[1726, 0.10360833048401674]
[1727, 0.4283829225834511]
[1728, 0.41730522987727514]
[1729, 0.8168206116518966]
[1730, 0.5737482690893821]
[1731, 0.7839550428162879]
[1732, 0.7007229521224297]
[1733, 0.4923925692814786]
[1734, 0.0]
[1735, 0.673443342795607]
[1736, 0.7562836774811406]
[1737, 0.7999148165899193]
[1738, 0.0]
[1739, 0.44469228841657804]
[1740, 0.634152068233066]
[1741, 0.6225612191932036]
[1742, 0.2293134078307824]
[1743, 0.43755034108727753]
[1744, 0.4763646791733258]
[1745, 0.43755034108727753]
[1746, 0.4055401294281329]
[1747, 0.38356554993728853]
[1748, 0.3321481692351198]
[1749, 0.35412274872596416]
[1750, 0.0]
[1751, 0.0]
[1752, 0.0]
[1753, 0.7890593429923443]
[1754, 0.6787101102903654]
[1755, 0.8522077285269085]
[1756, 0.7377140146001747]
[1757, 0.813520687512306]
[1758, 0.602764143032339]
[1759, 0.411157588719247]
[1760, 0.4535921901638592]
[1761, 0.802563545337405]
[1762, 0.6914527730476047]
[1763, 0.3591219414995361]
[1764, 0.7502331110902652]
[1765, 0.7106962640117056]
[1766, 0.3316703332480605]
[1767, 0.4886250859518965]
[1768, 0.8376092499896961]
[1769, 0.050493016275839145]
[1770, 0.2777495592454935]
[1771, 0.7608489751802019]
[1772, 0.7761088222826275]
[1773, 0.23926135167008641]
[1774, 0.2985535768728351]
[1775, 0.7141214807463571]
[1776, 0.38554756463985196]
[1777, 0.16384346774667627]
[1778, 0.26397952241065725]
[1779, 0.6875115994922358]
[1780, 0.054134835878510465]
[1781, 0.2784025073917336]
[1782, 0.46846324420187374]
[1783, 0.4311043530837177]
[1784, 0.26098794603951664]
[1785, 0.734941932753838]
[1786, 0.7815800640475832]
[1787, 0.7779380394123716]
[1788, 0.7701315193589995]
[1789, 0.8415691475488741]
[1790, 0.8702065193864007]
[1791, 0.8068615310660183]
[1792, 0.8123677420446062]
[1793, 0.7124595610008247]
[1794, 0.8059928160468924]
[1795, 0.876239166128524]
[1796, 0.7232069412095861]
[1797, 0.8197249180544176]
[1798, 0.43268493864234747]
[1799, 0.4763646791733258]
[1800, 0.6216317813560787]
[1801, 0.5318886464601886]
[1802, 0.7991255672215515]
[1803, 0.8446537178927251]
[1804, 0.5417165727212613]
[1805, 0.5272497423141758]
[1806, 0.794325177597075]
[1807, 0.36672579134208466]
[1808, 0.36672579134208466]
[1809, 0.31720809887523094]
[1810, 0.8120710876143145]
[1811, 0.5656936533986334]
[1812, 0.7920321960986232]
[1813, 0.7930862449216995]
[1814, 0.7388139364922355]
[1815, 0.6177373021926761]
[1816, 0.7140856228430382]
[1817, 0.7882518589828199]
[1818, 0.23137821315975918]
[1819, 0.0]
[1820, 0.21756168497642175]
[1821, 0.21756168497642175]
[1822, 0.6067913813384593]
[1823, 0.46028402093234994]
[1824, 0.7479538024251962]
[1825, 0.7410647547473577]
[1826, 0.30448609242269237]
[1827, 0.40258759729960514]
[1828, 0.4632590314383619]
[1829, 0.6586040494376154]
[1830, 0.5801588192590998]
[1831, 0.5926499808607767]
[1832, 0.21247364923557854]
[1833, 0.6098881425127958]
[1834, 0.665456183470855]
[1835, 0.5601845764915352]
[1836, 0.8108233177994375]
[1837, 0.4578105425087513]
[1838, 0.7737241368847648]
[1839, 0.521062725662063]
[1840, 0.8245930571215219]
[1841, 0.6168026991858099]
[1842, 0.7410205567260164]
[1843, 0.0]
[1844, 0.0]
[1845, 0.0]
[1846, 0.0]
[1847, 0.0]
[1848, 0.0]
[1849, 0.0]
[1850, 0.0]
[1851, 0.7071766435994112]
[1852, 0.6490653851604304]
[1853, 0.12090885435023871]
[1854, 0.07467892843455784]
[1855, 0.7830897045157562]
[1856, 0.34179583024760657]
[1857, 0.12576896960470202]
[1858, 0.07804157293038082]
[1859, 0.3474408733422754]
[1860, 0.4518398937328173]
[1861, 0.3252342545662366]
[1862, 0.4518398937328173]
[1863, 0.34744087334227547]
[1864, 0.47991653203953455]
[1865, 0.10169002752299781]
[1866, 0.10851536242448848]
[1867, 0.21331407525681878]
[1868, 0.21331407525681878]
[1869, 0.0]
[1870, 0.0]
[1871, 0.0]
[1872, 0.0]
[1873, 0.16703843262486698]
[1874, 0.775876738813527]
[1875, 0.5986041130716172]
[1876, 0.719191082993451]
[1877, 0.7962453351836373]
[1878, 0.5106748497033955]
[1879, 0.7928163711985595]
[1880, 0.8236486702317607]
[1881, 0.7478618915213141]
[1882, 0.6392713870946227]
[1883, 0.8833160663671946]
[1884, 0.4205767352018814]
[1885, 0.8539986923013838]
[1886, 0.31917813742017304]
[1887, 0.5507414852960411]
[1888, 0.6979973069416929]
[1889, 0.7745855334739596]
[1890, 0.6214202471332358]
[1891, 0.27239875553978543]
[1892, 0.7881252155989071]
[1893, 0.46003215319927127]
[1894, 0.39169998732507294]
[1895, 0.5330719147425829]
[1896, 0.6808837736284045]
[1897, 0.003985825417322022]
[1898, 0.05172158833260852]
[1899, 0.4307445127766773]
[1900, 0.6133651057298233]
[1901, 0.0]
[1902, 0.04366903985138226]
[1903, 0.3646814738778241]
[1904, 0.577978589852025]
[1905, 0.11165276655024453]
[1906, 0.3693392981288716]
[1907, 0.4831077701985974]
[1908, 0.23137821315975918]
[1909, 0.7015060348978038]
[1910, 0.29612464050039117]
[1911, 0.34332632895951976]
[1912, 0.2658153557991708]
[1913, 0.27939353064847605]
[1914, 0.58418031601309]
[1915, 0.2641458858801053]
[1916, 0.5376838601438706]
[1917, 0.14215170460922916]
[1918, 0.3861329603851088]
[1919, 0.5108965106337147]
[1920, 0.46275642631951835]
[1921, 0.8214734686781575]
[1922, 0.25458556561608414]
[1923, 0.8140342370702626]
[1924, 0.29955594323913004]
[1925, 0.7297125526590817]
[1926, 0.10851536242448848]
[1927, 0.10851536242448848]
[1928, 0.6187922848830713]
[1929, 0.7429010798051896]
[1930, 0.8209204682532452]
[1931, 0.8444842308676936]
[1932, 0.8163069262124394]
[1933, 0.6898546866268851]
[1934, 0.5939741806011583]
[1935, 0.5731284227379263]
[1936, 0.8044203397504465]
[1937, 0.5652741405667097]
[1938, 0.775568912914488]
[1939, 0.6620176202644455]
[1940, 0.5638839374495741]
[1941, 0.36672579134208466]
[1942, 0.36672579134208466]
[1943, 0.36672579134208466]
[1944, 0.5863463686040997]
[1945, 0.6516322015065925]
[1946, 0.43917745321003687]
[1947, 0.5391013972677049]
[1948, 0.18896406196140228]
[1949, 0.5667173953967135]
[1950, 0.506437640735304]
[1951, 0.5442517667623958]
[1952, 0.5256409111218693]
[1953, 0.5534907502265789]
[1954, 0.5225584144761257]
[1955, 0.6154960689373952]
[1956, 0.42416397938574957]
[1957, 0.596903192595013]
[1958, 0.7829497155095845]
[1959, 0.775836010610584]
[1960, 0.8155505948344244]
[1961, 0.8043323903291736]
[1962, 0.6998290834596539]
[1963, 0.7782911044130125]
[1964, 0.7407514293588684]
[1965, 0.5334351372443451]
[1966, 0.7926142273936189]
[1967, 0.4432561344316393]
[1968, 0.6765804393022904]
[1969, 0.08681928739102547]
[1970, 0.7331058078938201]
[1971, 0.003985825417322022]
[1972, 0.6406617720643896]
[1973, 0.0021788664279039395]
[1974, 0.5567236116893757]
[1975, 0.010892175106219301]
[1976, 0.07025332356318234]
[1977, 0.6210923234576123]
[1978, 0.6590469648662177]
[1979, 0.6222881372689344]
[1980, 0.44297128539736985]
[1981, 0.46985546494287894]
[1982, 0.575054799907545]
[1983, 0.10626308526757877]
[1984, 0.3187592403474716]
[1985, 0.2445196549398887]
[1986, 0.05996238328769763]
[1987, 0.015141721273776497]
[1988, 0.007227404204222606]
[1989, 0.0674488863266847]
[1990, 0.0380775551446629]
[1991, 0.15494227498376667]
[1992, 0.1942852152495491]
[1993, 0.5553963526411579]
[1994, 0.44492364345118035]
[1995, 0.14124174624713445]
[1996, 0.22937321221520868]
[1997, 0.0]
[1998, 0.0]
[1999, 0.12576896960470202]
[2000, 0.24399378187401435]
[2001, 0.7375377463423876]
[2002, 0.746753348316983]
[2003, 0.44475544181771864]
[2004, 0.0]
[2005, 0.3470673197396388]
[2006, 0.23137821315975918]
[2007, 0.18771208281295487]
[2008, 0.3372435736804817]
[2009, 0.31720809887523094]
[2010, 0.44469228841657804]
[2011, 0.3830788078561764]
[2012, 0.15281146238515128]
[2013, 0.0]
[2014, 0.012964583954976816]
[2015, 0.2198535838645812]
[2016, 0.0]
[2017, 0.004357517326012398]
[2018, 0.0]
[2019, 0.0]
[2020, 0.21329271147149423]
[2021, 0.03182074791446994]
[2022, 0.17187977452047512]
[2023, 0.12441747914660217]
[2024, 0.19911072720823997]
[2025, 0.5090028321391232]
[2026, 0.4859262196381367]
[2027, 0.7748154543703314]
[2028, 0.6865050783703192]
[2029, 0.1910763406603599]
[2030, 0.6592901806095348]
[2031, 0.3858026215145577]
[2032, 0.7291380519922288]
[2033, 0.3619054790437761]
[2034, 0.7806357221960615]
[2035, 0.3445517788168145]
[2036, 0.7798999932920221]
[2037, 0.026858640627933247]
[2038, 0.6693940456065165]
[2039, 0.5927058379799299]
[2040, 0.22130583728671296]
[2041, 0.0]
[2042, 0.21247364923557854]
[2043, 0.3470673197396388]
[2044, 0.6874974701184768]
[2045, 0.03253695725274818]
[2046, 0.2739357075968466]
[2047, 0.5708191075688306]
[2048, 0.0]
[2049, 0.0]
[2050, 0.0]
[2051, 0.0]
[2052, 0.0]
[2053, 0.0]
[2054, 0.0]
[2055, 0]
[2056, 0.0]
[2057, 0.0]
[2058, 0.0]
[2059, 0.0]
[2060, 0.0]
[2061, 0.0]
[2062, 0.0]
[2063, 0.0]
[2064, 0.0]
[2065, 0.0]
[2066, 0.0]
[2067, 0.0]
[2068, 0.0]
[2069, 0]
[2070, 0.0]
[2071, 0.0]
[2072, 0.10897995945068317]
[2073, 0.5383477996524991]
[2074, 0.5708363851535838]
[2075, 0.7854089103243306]
[2076, 0.35562521179304385]
[2077, 0.3589274634141972]
[2078, 0.8193144977170855]
[2079, 0.781644097600095]
[2080, 0.7902646007223747]
[2081, 0.7949539525878514]
[2082, 0.7751232824014386]
[2083, 0.8602581832732327]
[2084, 0.8526030865952943]
[2085, 0.839414571920656]
[2086, 0.8476826151274373]
[2087, 0.8810289886722429]
[2088, 0.8589058846611768]
[2089, 0.8275684065521017]
[2090, 0.7789165929231505]
[2091, 0.8084043279652536]
[2092, 0.8294766532134932]
[2093, 0.7547233061657096]
[2094, 0.6763168250528587]
[2095, 0.7220736842945269]
[2096, 0.5449855921929492]
[2097, 0.4409233611461162]
[2098, 0.6685753558832734]
[2099, 0.675155617746962]
[2100, 0.7198449216212714]
[2101, 0.7399906618291856]
[2102, 0.4660296786995066]
[2103, 0.6820707177714193]
[2104, 0.7043408291196331]
[2105, 0.47209795001035815]
[2106, 0.21247364923557854]
[2107, 0.5209745332120949]
[2108, 0.5979496325154299]
[2109, 0.4732726031635079]
[2110, 0.6817418707535914]
[2111, 0.7444455791277619]
[2112, 0.6212981900879394]
[2113, 0.5378176920437947]
[2114, 0.6641233167212806]
[2115, 0.44409555906761006]
[2116, 0.756824812892632]
[2117, 0.5642722106567823]
[2118, 0.5406364050510366]
[2119, 0.44904954222535937]
[2120, 0.49728536116250516]
[2121, 0.5098500755235692]
[2122, 0.3437066199654228]
[2123, 0.46080624107162826]
[2124, 0.46787129918517056]
[2125, 0.49132670094207775]
[2126, 0.3983434444470483]
[2127, 0.4262845083786903]
[2128, 0.23137821315975918]
[2129, 0.16703843262486698]
[2130, 0.31720809887523094]
[2131, 0.5162673245876218]
[2132, 0.4249472984711571]
[2133, 0.5197771215417599]
[2134, 0.5583360906166689]
[2135, 0.26706186668142695]
[2136, 0.40175515646160187]
[2137, 0.19159405413501787]
[2138, 0.2674671980772053]
[2139, 0.2873802438659539]
[2140, 0.3918081306124215]
[2141, 0.39360926323027723]
[2142, 0.5075736362278457]
[2143, 0.35179346072068396]
[2144, 0.3931181235896211]
[2145, 0.32075362279531333]
[2146, 0.6760705015763372]
[2147, 0.3372435736804817]
[2148, 0.4147411088308015]
[2149, 0.36672579134208466]
[2150, 0.3150571080804942]
[2151, 0.4763646791733257]
[2152, 0.4249472984711571]
[2153, 0.5742146834700522]
[2154, 0.5480245102943886]
[2155, 0.564810087618789]
[2156, 0.5966828545632222]
[2157, 0.500671245435713]
[2158, 0.6891211466292377]
[2159, 0.23137821315975918]
[2160, 0.18771208281295487]
[2161, 0.23137821315975918]
[2162, 0.23137821315975918]
[2163, 0.69557819164313]
[2164, 0.6130128526390367]
[2165, 0.6802123850565865]
[2166, 0.6576627215384495]
[2167, 0.7003788047607895]
[2168, 0.6092736297178811]
[2169, 0.4813824952574759]
[2170, 0.41285164622850967]
[2171, 0.3352243729920138]
[2172, 0.18771208281295487]
[2173, 0.3615719662602658]
[2174, 0.6135100595746045]
[2175, 0.6169210177432309]
[2176, 0.0]
[2177, 0.48896772178944614]
[2178, 0.32211253706681964]
[2179, 0.5445564796326903]
[2180, 0.5155502695606378]
[2181, 0.5563135895470479]
[2182, 0.5753122257099755]
[2183, 0.5631234862898447]
[2184, 0.776485175481219]
[2185, 0.6632935350732471]
[2186, 0.784569739031831]
[2187, 0.7557096090464778]
[2188, 0.7400208836026613]
[2189, 0.8147965188296509]
[2190, 0.8034708565106619]
[2191, 0.7782444329457232]
[2192, 0.8009951064097762]
[2193, 0.813533952428988]
[2194, 0.7974076936304871]
[2195, 0.8583160268777724]
[2196, 0.8565446560445212]
[2197, 0.8130909541566846]
[2198, 0.842166114340586]
[2199, 0.8745489951709632]
[2200, 0.8703264880859006]
[2201, 0.8951602613464037]
[2202, 0.8343355961215877]
[2203, 0.8637960543938431]
[2204, 0.8004815798937804]
[2205, 0.5895052396375629]
[2206, 0.7748930442627314]
[2207, 0.7693720887271602]
[2208, 0.5908736100469123]
[2209, 0.23454100223813076]
[2210, 0.09435809445328541]
[2211, 0.3505080545064305]
[2212, 0.12295206945885166]
[2213, 0.22040630308671205]
[2214, 0.01127354744547214]
[2215, 0.12732249737223297]
[2216, 0.670701776302138]
[2217, 0.5776557088228931]
[2218, 0.2415503578981085]
[2219, 0.566056854608626]
[2220, 0.0]
[2221, 0.46143874805931956]
[2222, 0.43189544471372987]
[2223, 0.37500033358791457]
[2224, 0.7648997373285172]
[2225, 0.38238851749124003]
[2226, 0.6012403960429481]
[2227, 0.08280030822545605]
[2228, 0.5506349724852454]
[2229, 0.6816552358237681]
[2230, 0]
[2231, 0.0]
[2232, 0.0]
[2233, 0.5761627117180025]
[2234, 0.178345202712981]
[2235, 0.16703843262486698]
[2236, 0.0]
[2237, 0.0]
[2238, 0.0]
[2239, 0.0]
[2240, 0.0]
[2241, 0.0]
[2242, 0.0]
[2243, 0.0]
[2244, 0.0]
[2245, 0.0]
[2246, 0.0]
[2247, 0.0]
[2248, 0.0]
[2249, 0.0]
[2250, 0.0]
[2251, 0.0]
[2252, 0.0]
[2253, 0.21305438634627777]
[2254, 0.6621849607827011]
[2255, 0.49996741026808544]
[2256, 0.7350022134617349]
[2257, 0.743874550751604]
[2258, 0.2696563935569799]
[2259, 0.21247364923557854]
[2260, 0.21247364923557854]
[2261, 0.21247364923557854]
[2262, 0.6994677827349359]
[2263, 0.3851552024960824]
[2264, 0.3830043780290037]
[2265, 0.6952342738448215]
[2266, 0.0]
[2267, 0.0]
[2268, 0.6844862636196885]
[2269, 0.18642685249904142]
[2270, 0.5819956996923462]
[2271, 0.7988858746391674]
[2272, 0.7390096353450819]
[2273, 0.23137821315975918]
[2274, 0.0]
[2275, 0.5786670459547467]
[2276, 0.8332286184348859]
[2277, 0.0]
[2278, 0.6605601157200949]
[2279, 0.6594367288421126]
[2280, 0.8152307911302481]
[2281, 0.4438518623953377]
[2282, 0.4438518623953377]
[2283, 0.3470673197396388]
[2284, 0.23137821315975918]
[2285, 0.44469228841657804]
[2286, 0.4409233611461162]
[2287, 0.498767914436056]
[2288, 0.5784455328993979]
[2289, 0.5321459174410051]
[2290, 0.7272121019886765]
[2291, 0.8524071122242494]
[2292, 0.2901166531534048]
[2293, 0.1974228115014084]
[2294, 0.28840823431433904]
[2295, 0.3353869226233666]
[2296, 0.2770977336931691]
[2297, 0.06583410469667696]
[2298, 0.011219218239931866]
[2299, 0.38315356926382715]
[2300, 0.010527859924196002]
[2301, 0.15881342811779697]
[2302, 0.03965644101575047]
[2303, 0.0]
[2304, 0.3966501313152724]
[2305, 0.21853406938525677]
[2306, 0.714127753732054]
[2307, 0.3335679748512922]
[2308, 0.024587522627414073]
[2309, 0.5210717374055303]
[2310, 0.5417017659685145]
[2311, 0.4641826057974825]
[2312, 0.46798127025332636]
[2313, 0.35005372850350086]
[2314, 0.6973942139348271]
[2315, 0.0]
[2316, 0.3490210447516891]
[2317, 0.24070459000865776]
[2318, 0.7343142374004641]
[2319, 0.7289686344979834]
[2320, 0.7157204634713455]
[2321, 0.7773748340854932]
[2322, 0.2687385354239804]
[2323, 0.7169683587189671]
[2324, 0.803270835382331]
[2325, 0.4546257075685404]
[2326, 0.07345687778637484]
[2327, 0.2380758441886753]
[2328, 0.3753521375935991]
[2329, 0.15957801733015442]
[2330, 0.2065880704119496]
[2331, 0.1182035826338161]
[2332, 0.004363664415647461]
[2333, 0.25107795462052707]
[2334, 0.4528253316285147]
[2335, 0.46243199103131993]
[2336, 0.08302201799961227]
[2337, 0.7415074796676158]
[2338, 0.20702009303691582]
[2339, 0.3653653634657151]
[2340, 0.19649746962794878]
[2341, 0.693242214476711]
[2342, 0.08081066399274647]
[2343, 0.07262187839661595]
[2344, 0.2678351831592974]
[2345, 0.5842063600510988]
[2346, 0.009405407471457796]
[2347, 0.07405749630613553]
[2348, 0.021585203625175707]
[2349, 0.01556642731580945]
[2350, 0.018914196923411647]
[2351, 0.4176643710827689]
[2352, 0.21742998365862728]
[2353, 0.008734570392643068]
[2354, 0.006164260612240113]
[2355, 0.07607708609011266]
[2356, 0.11521720223600079]
[2357, 0.46060582043874365]
[2358, 0.4315947730283535]
[2359, 0.1166307989554399]
[2360, 0.22574390640340727]
[2361, 0.5040323692446318]
[2362, 0.13262670322227188]
[2363, 0.028755336364692817]
[2364, 0.35314230727977197]
[2365, 0.32208876447627377]
[2366, 0.0885392730038147]
[2367, 0.34101941188187923]
[2368, 0.3056275466266701]
[2369, 0.03888868501174045]
[2370, 0.03329437955801112]
[2371, 0.7521453170136572]
[2372, 0.772904872580254]
[2373, 0.6318326409391113]
[2374, 0.8232243747548649]
[2375, 0.8311500967657932]
[2376, 0.7860269998913367]
[2377, 0.6135800520983754]
[2378, 0.6996583534147565]
[2379, 0.5204193865905896]
[2380, 0.5641288662889584]
[2381, 0.4923925692814786]
[2382, 0.5981040045018439]
[2383, 0.4438518623953377]
[2384, 0.0]
[2385, 0.0]
[2386, 0.0]
[2387, 0.0]
[2388, 0.5372435736804817]
[2389, 0.38512852195979014]
[2390, 0.44469228841657804]
[2391, 0.3521410031526744]
[2392, 0.5372435736804817]
[2393, 0.31720809887523094]
[2394, 0.44469228841657804]
[2395, 0.43699000406090927]
[2396, 0.6763590267563512]
[2397, 0.7341148092918437]
[2398, 0.7514669162951569]
[2399, 0.7260609701006591]
[2400, 0.8206992875820422]
[2401, 0.8172486629150006]
[2402, 0.6864746227215276]
[2403, 0.6933417939712296]
[2404, 0.7590822517780194]
[2405, 0.3940596807327001]
[2406, 0.0]
[2407, 0.7472932172785106]
[2408, 0.655238631878323]
[2409, 0.5362704596897726]
[2410, 0.6405402909926331]
[2411, 0.3137059569961592]
[2412, 0.741951343374496]
[2413, 0.40792123568248106]
[2414, 0.31743305586102777]
[2415, 0.5647722559175791]
[2416, 0.735175570435938]
[2417, 0.6369558198395512]
[2418, 0.28116389307272605]
[2419, 0.5172279110188693]
[2420, 0.1916420844903049]
[2421, 0.6331005441386383]
[2422, 0.373220342332798]
[2423, 0.5943468933280583]
[2424, 0.671854719880248]
[2425, 0.28329819898077135]
[2426, 0.420883204400353]
[2427, 0.5068895361564388]
[2428, 0.7198582647497028]
[2429, 0.7343264926572719]
[2430, 0.5611126445151667]
[2431, 0.7280807217182942]
[2432, 0.7496439866417015]
[2433, 0.4224596705002492]
[2434, 0.707674307565115]
[2435, 0.35659799396632186]
[2436, 0.39170424261474673]
[2437, 0.0]
[2438, 0.0]
[2439, 0.0]
[2440, 0.0]
[2441, 0.0]
[2442, 0.0]
[2443, 0.0]
[2444, 0.0]
[2445, 0.33469446632454]
[2446, 0.3173824219229271]
[2447, 0.013398322592799317]
[2448, 0.06663205984571621]
[2449, 0.4660625544230291]
[2450, 0.10966202436403141]
[2451, 0.03952358099496357]
[2452, 0.0]
[2453, 0.0]
[2454, 0.0]
[2455, 0.653875557394012]
[2456, 0.34451734802013806]
[2457, 0.2523466553684576]
[2458, 0.0]
[2459, 0.0]
[2460, 0.0]
[2461, 0.0]
[2462, 0.0]
[2463, 0.4259710944855408]
[2464, 0.5745032107046836]
[2465, 0.3981074622495807]
[2466, 0.5569604309201498]
[2467, 0.42281139865279294]
[2468, 0.2662102458180665]
[2469, 0.18173344389857046]
[2470, 0.4457623638907295]
[2471, 0.3232876288848738]
[2472, 0.028908581422079034]
[2473, 0.5998594209568453]
[2474, 0.42665211289900973]
[2475, 0.14153520028535027]
[2476, 0.17258085260602507]
[2477, 0.45087206241420424]
[2478, 0.0]
[2479, 0.0]
[2480, 0.0]
[2481, 0.7235630193160619]
[2482, 0.1949871302114331]
[2483, 0.0418788913890652]
[2484, 0.21698006715313173]
[2485, 0.6375583164737779]
[2486, 0.0]
[2487, 0.5074898282468471]
[2488, 0.40272003618727514]
[2489, 0.4843473873608996]
[2490, 0.3969209043703514]
[2491, 0.33727880714981173]
[2492, 0.5452570975525555]
[2493, 0.15685030300204758]
[2494, 0.0]
[2495, 0.0]
[2496, 0.0]
[2497, 0.0]
[2498, 0.2521222586539664]
[2499, 0.21198340983517183]
[2500, 0.02864422225516112]
[2501, 0.0]
[2502, 0.0]
[2503, 0.0]
[2504, 0.0]
[2505, 0.0]
[2506, 0.0]
[2507, 0.0]
[2508, 0.0]
[2509, 0.0]
[2510, 0.21247364923557854]
[2511, 0.0]
[2512, 0.21247364923557854]
[2513, 0.0]
[2514, 0.0]
[2515, 0.0]
[2516, 0.0]
[2517, 0.0]
[2518, 0.0]
[2519, 0.0]
[2520, 0.0]
[2521, 0.0]
[2522, 0.14817772095298729]
[2523, 0.09007836850104282]
[2524, 0.1981947176803373]
[2525, 0.456389158420308]
[2526, 0.0]
[2527, 0.21247364923557854]
[2528, 0.0]
[2529, 0.0]
[2530, 0.0]
[2531, 0.21247364923557854]
[2532, 0.21247364923557854]
[2533, 0.21247364923557854]
[2534, 0.0]
[2535, 0.3470673197396388]
[2536, 0.32994345798173996]
[2537, 0.0982841831079235]
[2538, 0.01556642731580945]
[2539, 0.585014447157104]
[2540, 0.3956978128637858]
[2541, 0.2783012384528103]
[2542, 0.44516802670089983]
[2543, 0.7644571198971074]
[2544, 0.7261106664249839]
[2545, 0.6734854937522875]
[2546, 0.49564026623609103]
[2547, 0.0]
[2548, 0.0]
[2549, 0.0]
[2550, 0.0]
[2551, 0.0]
[2552, 0.6124818551312985]
[2553, 0.6796344020049766]
[2554, 0.5450746776577055]
[2555, 0.7873525432131718]
[2556, 0.0]
[2557, 0.0]
[2558, 0.0]
[2559, 0.0]
[2560, 0.5164214472434792]
[2561, 0.3371770190038522]
[2562, 0.6045535852638835]
[2563, 0.022503238561421748]
[2564, 0.15829456169545053]
[2565, 0.18648123596074]
[2566, 0.21247364923557854]
[2567, 0.0]
[2568, 0.0]
[2569, 0.0]
[2570, 0.0]
[2571, 0.0]
[2572, 0.0]
[2573, 0.21247364923557854]
[2574, 0.21247364923557854]
[2575, 0.21247364923557854]
[2576, 0.21247364923557854]
[2577, 0.0]
[2578, 0.0]
[2579, 0.0]
[2580, 0.21247364923557854]
[2581, 0.21247364923557854]
[2582, 0.21247364923557854]
[2583, 0.21247364923557854]
[2584, 0.21247364923557854]
[2585, 0.0]
[2586, 0.21247364923557854]
[2587, 0.21247364923557854]
[2588, 0.21247364923557854]
[2589, 0.0]
[2590, 0.0]
[2591, 0.21247364923557854]
[2592, 0.21247364923557854]
[2593, 0.21247364923557854]
[2594, 0.21247364923557854]
[2595, 0.0]
[2596, 0.21247364923557854]
[2597, 0.21247364923557854]
[2598, 0.21247364923557854]
[2599, 0.21247364923557854]
[2600, 0.21247364923557854]
[2601, 0.21247364923557854]
[2602, 0.21247364923557854]
[2603, 0.0]
[2604, 0.3470673197396388]
[2605, 0.3470673197396388]
[2606, 0.3470673197396388]
[2607, 0.1569520838350955]
[2608, 0.06923395670020792]
[2609, 0.09911466581853992]
[2610, 0.62376422502167]
[2611, 0.002186568441545773]
[2612, 0.007296716762967311]
[2613, 0.384392011016525]
[2614, 0.3399894377114165]
[2615, 0.6105067757188767]
[2616, 0.761116850431096]
[2617, 0.7236936328192914]
[2618, 0.7982611051069626]
[2619, 0.8224672049602947]
[2620, 0.7938032895780073]
[2621, 0.7275928310862111]
[2622, 0.7985377035156966]
[2623, 0.760643057551216]
[2624, 0.6804221657162183]
[2625, 0.7600505518038713]
[2626, 0.6052816030596395]
[2627, 0.7699849368274861]
[2628, 0.6070245926399174]
[2629, 0.4741985585585746]
[2630, 0.4923925692814786]
[2631, 0.5834527046681551]
[2632, 0.16703843262486698]
[2633, 0.21247364923557854]
[2634, 0.21247364923557854]
[2635, 0.21247364923557854]
[2636, 0.0]
[2637, 0.0]
[2638, 0.0]
[2639, 0.0]
[2640, 0.0]
[2641, 0.0]
[2642, 0.0]
[2643, 0.0]
[2644, 0.0]
[2645, 0.0]
[2646, 0.0]
[2647, 0.0]
[2648, 0.0]
[2649, 0.0]
[2650, 0.0]
[2651, 0.0]
[2652, 0.0]
[2653, 0.0]
