[0.00000000000000, 0.25000000000000, 0.00000000000000, 0.00000000000000, 0.00000000000000, 0.50000000000000, 0.00000000000000, 0.00000000000000, 0.00000000000000, 0.00000000000000, 0.00000000000000, 0.00000000000000, 0.00000000000000, 0.00000000000000, 0.75000000000000, 1.00000000000000, 0.00000000000000, 0.00000000000000, 0.00000000000000, 0.00000000000000, 0.00000000000000]
[0.00000000000000, 0.00000000000000, 0.00000000000000, 0.00000000000000, 0.00000000000000, 0.00000000000000, 0.00000000000000, 0.00000000000000, 0.00000000000000, 0.50000000000000, 0.75000000000000, 0.00000000000000, 0.00000000000000, 0.00000000000000, 0.00000000000000, 0.00000000000000, 0.00000000000000, 1.00000000000000, 0.00000000000000, 0.00000000000000, 0.00000000000000]
[0.00000000000000, 0.00000000000000, 0.00000000000000, 0.00000000000000, 0.00000000000000, 0.25000000000000, 0.00000000000000, 0.00000000000000, 0.00000000000000, 0.00000000000000, 0.00000000000000, 0.00000000000000, 0.00000000000000, 0.00000000000000, 0.75000000000000, 0.00000000000000, 0.00000000000000, 0.00000000000000, 0.00000000000000, 0.00000000000000, 1.00000000000000]
[0.00000000000000, 0.00000000000000, 0.00000000000000, 0.00000000000000, 0.00000000000000, 0.25000000000000, 0.00000000000000, 0.00000000000000, 0.00000000000000, 0.00000000000000, 0.00000000000000, 0.00000000000000, 0.00000000000000, 0.00000000000000, 0.75000000000000, 0.00000000000000, 0.00000000000000, 0.00000000000000, 0.00000000000000, 0.00000000000000, 1.00000000000000]
[0.00000000000000, 0.00000000000000, 0.00000000000000, 0.00000000000000, 0.25000000000000, 0.00000000000000, 0.00000000000000, 0.50000000000000, 0.00000000000000, 0.75000000000000, 0.00000000000000, 0.00000000000000, 0.00000000000000, 0.00000000000000, 0.00000000000000, 0.00000000000000, 0.00000000000000, 1.00000000000000, 0.00000000000000, 0.00000000000000, 0.00000000000000]
[0.00000000000000, 0.00000000000000, 0.00000000000000, 0.00000000000000, 0.00000000000000, 0.25000000000000, 0.00000000000000, 0.00000000000000, 0.00000000000000, 0.00000000000000, 0.00000000000000, 0.00000000000000, 0.00000000000000, 0.00000000000000, 0.75000000000000, 0.00000000000000, 0.00000000000000, 0.00000000000000, 1.00000000000000, 0.00000000000000, 0.00000000000000]
[0.25000000000000, 0.00000000000000, 0.00000000000000, 0.00000000000000, 0.00000000000000, 0.00000000000000, 0.00000000000000, 0.00000000000000, 0.00000000000000, 0.00000000000000, 0.00000000000000, 0.00000000000000, 0.50000000000000, 0.00000000000000, 0.00000000000000, 0.75000000000000, 1.00000000000000, 0.00000000000000, 0.00000000000000, 0.00000000000000, 0.00000000000000]
[0.00000000000000, 0.00000000000000, 0.25000000000000, 0.00000000000000, 0.00000000000000, 0.00000000000000, 0.50000000000000, 0.00000000000000, 0.00000000000000, 0.00000000000000, 0.00000000000000, 0.75000000000000, 0.00000000000000, 0.00000000000000, 0.00000000000000, 0.00000000000000, 0.00000000000000, 0.00000000000000, 0.00000000000000, 1.00000000000000, 0.00000000000000]
[0.00000000000000, 0.00000000000000, 0.00000000000000, 0.25000000000000, 0.00000000000000, 0.00000000000000, 0.00000000000000, 0.00000000000000, 0.50000000000000, 0.00000000000000, 0.00000000000000, 0.00000000000000, 0.00000000000000, 0.75000000000000, 0.00000000000000, 0.00000000000000, 0.00000000000000, 0.00000000000000, 0.00000000000000, 0.00000000000000, 1.00000000000000]
[0.16666666666667, 0.00000000000000, 0.00000000000000, 0.00000000000000, 0.25000000000000, 0.00000000000000, 0.00000000000000, 0.33333333333333, 0.00000000000000, 0.41666666666667, 0.00000000000000, 0.00000000000000, 0.58333333333333, 0.00000000000000, 0.00000000000000, 0.75000000000000, 0.91666666666667, 1.00000000000000, 0.00000000000000, 0.00000000000000, 0.00000000000000]
[0.00000000000000, 0.00000000000000, 0.25000000000000, 0.00000000000000, 0.00000000000000, 0.00000000000000, 0.50000000000000, 0.00000000000000, 0.00000000000000, 0.00000000000000, 0.00000000000000, 0.75000000000000, 0.00000000000000, 0.00000000000000, 0.00000000000000, 0.00000000000000, 0.00000000000000, 0.00000000000000, 0.00000000000000, 1.00000000000000, 0.00000000000000]
[0.00000000000000, 0.00000000000000, 0.00000000000000, 0.25000000000000, 0.00000000000000, 0.00000000000000, 0.00000000000000, 0.00000000000000, 0.50000000000000, 0.00000000000000, 0.00000000000000, 0.00000000000000, 0.00000000000000, 0.75000000000000, 0.00000000000000, 0.00000000000000, 0.00000000000000, 0.00000000000000, 0.00000000000000, 0.00000000000000, 1.00000000000000]
[0.25000000000000, 0.00000000000000, 0.00000000000000, 0.00000000000000, 0.00000000000000, 0.00000000000000, 0.00000000000000, 0.00000000000000, 0.00000000000000, 0.00000000000000, 0.00000000000000, 0.00000000000000, 0.50000000000000, 0.00000000000000, 0.00000000000000, 0.75000000000000, 1.00000000000000, 0.00000000000000, 0.00000000000000, 0.00000000000000, 0.00000000000000]
[0.25000000000000, 0.00000000000000, 0.00000000000000, 0.00000000000000, 0.00000000000000, 0.00000000000000, 0.00000000000000, 0.00000000000000, 0.00000000000000, 0.00000000000000, 0.00000000000000, 0.00000000000000, 0.50000000000000, 0.00000000000000, 0.00000000000000, 0.75000000000000, 1.00000000000000, 0.00000000000000, 0.00000000000000, 0.00000000000000, 0.00000000000000]
[0.16666666666667, 0.00000000000000, 0.00000000000000, 0.25000000000000, 0.00000000000000, 0.00000000000000, 0.00000000000000, 0.00000000000000, 0.33333333333333, 0.00000000000000, 0.00000000000000, 0.00000000000000, 0.50000000000000, 0.58333333333333, 0.00000000000000, 0.75000000000000, 0.91666666666667, 0.00000000000000, 0.00000000000000, 0.00000000000000, 1.00000000000000]
[0.00000000000000, 0.00000000000000, 0.00000000000000, 0.08333333333333, 0.25000000000000, 0.00000000000000, 0.00000000000000, 0.41666666666667, 0.50000000000000, 0.66666666666667, 0.00000000000000, 0.00000000000000, 0.00000000000000, 0.75000000000000, 0.00000000000000, 0.00000000000000, 0.00000000000000, 0.91666666666667, 0.00000000000000, 0.00000000000000, 1.00000000000000]
[0.00000000000000, 0.00000000000000, 0.25000000000000, 0.00000000000000, 0.00000000000000, 0.00000000000000, 0.50000000000000, 0.00000000000000, 0.00000000000000, 0.00000000000000, 0.00000000000000, 0.75000000000000, 0.00000000000000, 0.00000000000000, 0.00000000000000, 0.00000000000000, 0.00000000000000, 0.00000000000000, 0.00000000000000, 1.00000000000000, 0.00000000000000]
[0.00000000000000, 0.25000000000000, 0.00000000000000, 0.00000000000000, 0.00000000000000, 0.50000000000000, 0.00000000000000, 0.00000000000000, 0.00000000000000, 0.00000000000000, 0.00000000000000, 0.00000000000000, 0.00000000000000, 0.00000000000000, 0.75000000000000, 1.00000000000000, 0.00000000000000, 0.00000000000000, 0.00000000000000, 0.00000000000000, 0.00000000000000]
[0.00000000000000, 0.00000000000000, 0.00000000000000, 0.00000000000000, 0.00000000000000, 0.00000000000000, 0.00000000000000, 0.00000000000000, 0.00000000000000, 0.50000000000000, 0.75000000000000, 0.00000000000000, 0.00000000000000, 0.00000000000000, 0.00000000000000, 0.00000000000000, 0.00000000000000, 1.00000000000000, 0.00000000000000, 0.00000000000000, 0.00000000000000]
[0.00000000000000, 0.00000000000000, 0.00000000000000, 0.00000000000000, 0.00000000000000, 0.00000000000000, 0.00000000000000, 0.25000000000000, 0.00000000000000, 0.75000000000000, 0.00000000000000, 0.00000000000000, 0.00000000000000, 0.00000000000000, 0.00000000000000, 0.00000000000000, 0.00000000000000, 1.00000000000000, 0.00000000000000, 0.00000000000000, 0.00000000000000]
[0.00000000000000, 0.00000000000000, 0.00000000000000, 0.00000000000000, 0.00000000000000, 0.00000000000000, 0.00000000000000, 0.16666666666667, 0.00000000000000, 0.66666666666667, 0.75000000000000, 0.00000000000000, 0.00000000000000, 0.00000000000000, 0.00000000000000, 0.00000000000000, 0.00000000000000, 1.00000000000000, 0.00000000000000, 0.00000000000000, 0.00000000000000]
